O1 522 525 519 532 525 532 522 525 519 525 529 535 522 525 529 529 532 519 525 529 525 529 522 512 529 519 519 529 515 525 529 515
F1 529 535 525 519 535 539 522 522 525 522 519 529 522 522 515 522
L1 519 525 515 519 529 535 519 522 529 535 525 529 525 525 525 535 542 529 525 519 529 519 525 525 522 519 535 525 529 532 529 519
A1 498 522 478 529 508 556 576 552 522 546 512 529 515 529 512 556 512 539 559 502 546 569 522 498 529 525 539 563 539 556 522 546 505 566 566 505 505 529 563 569 512 539 549 508 529 583 502 546 549 481 505 515 552 498 549 519 556 498 498 529 559 512 539 529
O2 525 522 525 525 529 522 529 519 532 525 529 532 522 529 535 522 532 529 522 522 522 522 525 525 525 529 522 519 525 529 519 525
F2 525 522 525 522 522 525 525 532 529 515 535 529 522 519 522 525
L2 522 529 522 532 532 529 522 535 522 532 525 525 529 529 535 525 529 529 525 525 519 532 532 529 535 529 529 525 529 519 529 522
A2 498 563 542 525 519 502 546 505 525 502 566 519 491 502 549 522 522 556 535 488 529 539 505 535 515 508 566 552 522 542 529 535 519 573 573 519 532 556 505 566 498 505 559 512 522 549 468 549 542 478 505 535 522 488 525 512 535 522 522 549 505 505 542 519
O3 529 522 525 519 519 522 525 525 532 522 529 529 522 529 529 529 529 532 529 529 522 525 522 522 519 529 525 522 525 525 532 525
F3 532 519 522 529 519 529 529 519 519 529 529 529 525 522 519 512
L3 519 532 525 529 522 532 522 522 522 525 532 529 532 525 515 529 525 519 529 515 522 522 519 532 519 532 529 522 525 512 525 522
A3 542 546 481 485 542 488 552 552 519 498 522 542 519 546 529 522 559 522 519 468 559 515 529 566 546 498 505 508 556 522 532 508 519 580 532 508 495 535 505 502 529 512 569 563 549 525 519 539 508 498 535 535 505 529 542 539 519 529 546 552 502 505 556 512
O4 519 532 515 529 532 535 522 525 525 532 525 522 522 529 522 529 529 529 525 522 522 522 519 529 525 525 525 525 522 529 525 529
F4 519 522 529 529 525 529 532 532 525 522 529 529 529 532 529 512
L4 529 515 522 532 529 522 525 529 525 522 519 519 522 529 522 515 532 529 525 529 525 525 535 522 522 525 532 532 529 529 529 535
A4 535 556 559 508 556 522 539 522 481 542 539 529 559 559 522 519 491 491 552 525 512 525 525 549 508 529 529 576 502 515 508 539 515 542 559 546 481 515 502 566 519 532 546 529 525 535 539 512 525 549 542 481 542 515 539 502 502 519 495 515 525 556 542 491
O5 532 522 522 529 529 519 525 525 525 522 522 535 529 529 532 525 529 525 525 522 519 519 532 522 519 519 525 529 525 532 522 522
F5 522 529 522 522 529 522 525 525 519 519 535 535 529 525 519 522
L5 519 529 525 529 529 519 525 519 525 525 522 535 512 522 522 522 525 529 522 522 519 539 512 515 529 515 519 525 519 522 529 519
A5 505 512 478 515 546 573 573 505 512 549 529 495 566 502 502 535 539 481 505 546 549 539 515 505 549 525 559 498 519 522 542 549 542 525 529 542 539 529 539 569 546 552 508 505 539 478 559 502 522 491 502 495 478 522 590 495 563 549 559 481 508 556 522 529
O6 529 532 525 522 525 525 539 529 529 529 522 529 525 529 529 522 525 529 532 529 529 529 529 522 529 529 519 532 519 529 522 529
F6 525 529 525 529 529 529 529 515 539 525 532 522 525 519 522 522
L6 522 529 529 529 539 525 525 522 525 519 535 529 519 522 529 532 529 529 529 532 525 529 519 515 539 522 525 519 525 525 529 522
A6 529 512 539 508 498 566 559 529 502 498 580 559 515 508 491 563 522 546 519 539 542 519 563 552 502 522 542 563 519 535 542 512 552 542 485 549 596 498 522 519 549 542 525 522 498 539 535 508 539 522 563 512 519 549 566 539 546 573 522 522 502 525 552 488
O7 515 522 535 535 522 525 525 525 529 525 529 525 529 529 525 525 532 525 532 525 529 525 529 529 525 522 519 522 525 529 525 525
F7 519 522 519 522 525 522 519 529 535 529 529 535 522 519 529 529
L7 535 525 529 525 529 525 522 532 519 525 532 525 525 542 519 525 529 529 532 529 532 522 522 522 525 515 519 532 529 522 522 522
A7 515 542 512 542 502 488 515 525 539 525 559 525 505 549 512 539 535 505 519 535 515 522 549 519 542 559 525 566 525 488 515 549 542 525 542 475 505 549 522 542 566 519 505 546 542 539 529 498 559 535 515 515 566 549 508 525 549 512 515 552 519 529 542 485
