O1 525 529 529 529 529 525 519 529 532 529 515 515 519 532 529 519 532 535 525 519 529 529 532 535 522 522 529 515 529 529 525 525
F1 529 532 522 539 535 512 515 529 535 529 532 522 532 529 539 529
L1 519 522 529 522 508 532 519 512 535 522 532 519 529 529 529 525 525 532 515 522 522 529 532 522 529 532 515 515 522 525 535 529
A1 539 522 563 461 485 488 464 529 569 475 485 563 542 522 563 512 573 508 498 529 515 563 498 498 505 471 475 522 603 569 512 481 549 610 519 512 498 566 522 478 529 498 569 529 542 539 495 461 539 546 498 495 563 498 502 542 532 559 508 498 559 512 549 542
O2 522 525 525 529 529 525 522 532 519 529 522 529 519 525 532 522 519 525 519 522 525 525 525 522 522 542 525 515 529 525 519 522
F2 519 525 529 532 519 532 535 525 532 519 512 532 522 532 529 525
L2 529 525 529 519 522 525 539 515 519 529 529 522 522 522 519 512 535 529 525 529 519 515 512 525 532 532 539 535 525 515 532 522
A2 529 505 532 417 505 522 549 546 519 580 495 508 475 529 549 475 566 566 539 559 488 546 566 498 576 542 556 546 590 590 502 559 546 559 485 444 481 529 529 475 559 495 491 525 525 539 478 495 519 569 475 559 552 522 535 529 485 559 586 529 498 552 586 552
O3 519 525 519 529 525 532 522 529 525 529 532 525 535 532 529 525 525 529 532 519 525 532 535 519 515 529 515 525 519 532 522 529
F3 522 535 532 532 522 532 529 525 529 529 525 532 525 515 525 532
L3 515 529 529 525 539 525 529 522 515 529 525 525 525 519 529 519 535 535 535 529 525 535 529 529 519 519 532 529 519 529 515 519
A3 556 508 566 502 552 525 559 563 539 583 546 502 529 535 542 505 502 508 512 529 556 563 542 519 549 525 569 495 498 495 508 529 539 529 542 586 590 600 485 488 559 573 491 552 559 569 505 546 502 515 502 515 519 495 502 556 546 519 549 556 529 508 505 542
O4 532 519 519 529 535 535 532 525 519 532 532 519 525 519 529 519 529 532 529 512 525 532 522 519 529 532 532 529 519 522 522 515
F4 512 519 522 539 519 535 535 515 522 519 519 542 532 529 515 532
L4 522 532 522 525 522 519 535 519 529 529 519 515 522 522 519 529 512 525 512 539 515 535 532 539 535 519 519 525 525 532 525 519
A4 539 529 586 515 475 566 535 512 563 485 580 498 566 556 539 546 525 552 505 512 586 495 559 488 529 542 590 491 512 542 525 495 519 563 566 549 515 563 498 580 542 542 519 491 542 478 539 556 539 542 515 505 596 529 583 505 522 542 573 556 552 495 468 539
O5 535 529 529 519 525 529 522 525 529 519 525 525 535 519 529 529 522 525 525 525 522 529 529 525 529 519 529 519 522 529 529 519
F5 519 519 525 529 529 519 519 535 505 532 522 522 519 535 529 535
L5 539 529 525 529 519 525 525 519 535 532 519 522 519 522 512 532 532 529 529 519 512 529 532 529 529 522 529 515 512 532 512 522
A5 519 549 522 495 451 495 569 590 508 529 505 475 519 549 566 498 519 522 485 519 586 583 481 485 458 475 515 515 522 515 556 566 488 495 505 576 512 569 559 512 495 505 613 539 525 519 519 481 495 498 512 485 535 580 535 583 542 549 542 563 451 529 546 519
O6 529 522 519 519 519 529 529 525 515 532 525 529 519 519 522 529 529 532 519 522 529 525 515 519 512 532 519 522 529 529 525 525
F6 529 519 508 532 508 515 535 529 522 519 508 535 535 502 505 529
L6 519 532 525 532 519 532 522 519 529 522 525 532 522 515 535 512 525 529 515 522 529 522 532 532 525 512 532 525 515 522 529 505
A6 464 481 491 549 539 532 546 566 580 563 495 525 542 502 478 475 573 627 539 515 569 519 464 549 620 485 529 502 556 566 549 498 485 542 539 512 495 495 519 481 559 525 569 491 539 576 552 549 502 519 583 502 583 454 525 498 529 549 559 529 488 498 512 519
O7 522 535 519 525 525 529 529 522 529 522 542 515 529 522 525 522 522 522 532 519 525 515 525 529 529 522 519 525 525 539 529 525
F7 529 535 529 529 519 525 522 529 539 529 539 522 535 515 525 515
L7 529 532 522 532 529 529 535 508 519 522 519 522 522 529 525 525 522 532 529 525 529 532 519 515 512 519 519 529 525 512 512 529
A7 539 549 542 488 498 532 491 559 529 529 586 491 563 549 502 583 542 478 515 461 586 535 519 559 519 491 546 522 475 488 539 529 580 488 515 535 603 502 498 539 512 515 512 569 586 542 515 556 552 454 576 505 495 481 505 549 563 542 559 525 519 539 437 512
O8 525 522 529 529 515 535 532 519 535 525 519 512 519 539 522 529 529 532 529 522 519 535 535 529 529 525 525 529 522 519 529 519
F8 522 525 525 519 522 539 519 529 519 525 532 519 519 519 532 529
L8 519 522 519 525 532 525 535 519 535 512 525 522 532 515 529 512 529 525 532 525 512 525 529 519 525 529 512 519 529 522 525 525
A8 552 529 488 498 546 512 505 515 525 512 529 522 519 593 471 546 539 563 464 515 542 458 600 488 576 525 529 519 583 552 586 549 529 481 512 559 519 505 549 576 519 563 539 431 488 546 529 535 573 535 539 542 552 505 491 515 508 522 519 522 563 542 556 488
